1.0 0.17137 0.27328 0.37479 0.29357 0.26457 0.35776
0.17137 1.0 0.49435 0.17947 0.36407 0.48674 0.17348
0.27328 0.49435 1.0 0.30917 0.28553 0.35295 0.21155
0.37479 0.17947 0.30917 1.0 0.26408 0.30492 0.43037
0.29357 0.36407 0.28553 0.26408 1.0 0.27479 0.18551
0.26457 0.48674 0.35295 0.30492 0.27479 1.0 0.48674
0.35776 0.17348 0.21155 0.43037 0.18551 0.48674 1.0
